0.000000000000000000e+00 9.658552007749676704e-04
9.999999717180685366e-10 7.614025846123695374e-03
1.999999943436137073e-09 2.168758213520050049e-02
3.000000026176508072e-09 5.149325728416442871e-02
3.999999886872274146e-09 1.065032854676246643e-01
4.999999969612645145e-09 2.142617553472518921e-01
6.000000052353016144e-09 3.816254138946533203e-01
7.000000135093387144e-09 5.922384858131408691e-01
7.999999773744548293e-09 7.788221240043640137e-01
8.999999856484919292e-09 9.199131727218627930e-01
9.999999939225290291e-09 9.869353175163269043e-01
1.100000002196566129e-08 1.000000000000000000e+00
1.200000010470603229e-08 9.612922072410583496e-01
1.300000018744640329e-08 8.836002945899963379e-01
1.400000027018677429e-08 7.856642007827758789e-01
1.499999946474872559e-08 6.838940382003784180e-01
1.599999954748909659e-08 5.892988443374633789e-01
1.699999963022946758e-08 4.989755153656005859e-01
1.799999971296983858e-08 4.177364110946655273e-01
1.899999979571020958e-08 3.402574956417083740e-01
1.999999987845058058e-08 2.719566822052001953e-01
2.099999996119095158e-08 2.089706361293792725e-01
2.200000004393132258e-08 1.559187620878219604e-01
2.300000012667169358e-08 1.086313128471374512e-01
2.400000020941206458e-08 6.698849052190780640e-02
2.500000029215243558e-08 2.632163837552070618e-02
2.600000037489280658e-08 -9.297989308834075928e-03
2.700000045763317758e-08 -4.300735145807266235e-02
2.800000054037354857e-08 -7.342872768640518188e-02
2.900000062311391957e-08 -1.030358448624610901e-01
2.999999892949745117e-08 -1.282897293567657471e-01
3.099999901223782217e-08 -1.504064798355102539e-01
3.199999909497819317e-08 -1.667347550392150879e-01
3.299999917771856417e-08 -1.798292845487594604e-01
3.399999926045893517e-08 -1.878565549850463867e-01
3.499999934319930617e-08 -1.926236748695373535e-01
3.599999942593967717e-08 -1.933892220258712769e-01
3.699999950868004817e-08 -1.918941736221313477e-01
3.799999959142041916e-08 -1.882011592388153076e-01
3.899999967416079016e-08 -1.839077025651931763e-01
3.999999975690116116e-08 -1.788988262414932251e-01
4.099999983964153216e-08 -1.737585663795471191e-01
4.199999992238190316e-08 -1.682997345924377441e-01
4.300000000512227416e-08 -1.625958532094955444e-01
4.400000008786264516e-08 -1.562716364860534668e-01
4.500000017060301616e-08 -1.494969278573989868e-01
4.600000025334338716e-08 -1.420101821422576904e-01
4.700000033608375816e-08 -1.340449899435043335e-01
4.800000041882412916e-08 -1.258541643619537354e-01
4.900000050156450015e-08 -1.172948181629180908e-01
5.000000058430487115e-08 -1.087629422545433044e-01
5.100000066704524215e-08 -1.001161485910415649e-01
5.200000074978561315e-08 -9.183356910943984985e-02
5.300000083252598415e-08 -8.358070254325866699e-02
5.400000091526635515e-08 -7.589670270681381226e-02
5.500000099800672615e-08 -6.857136636972427368e-02
5.600000108074709715e-08 -6.188088655471801758e-02
5.700000116348746815e-08 -5.545758455991744995e-02
5.800000124622783915e-08 -4.953490942716598511e-02
5.900000132896821015e-08 -4.349795356392860413e-02
5.999999785899490234e-08 -3.762862086296081543e-02
6.100000149444895214e-08 -3.142587840557098389e-02
6.199999802447564434e-08 -2.541159652173519135e-02
6.300000165992969414e-08 -1.948523521423339844e-02
6.399999818995638634e-08 -1.418022532016038895e-02
6.500000182541043614e-08 -8.707457222044467926e-03
6.599999835543712834e-08 -3.483445150777697563e-03
6.700000199089117814e-08 1.944051356986165047e-03
6.799999852091787034e-08 6.884853355586528778e-03
6.900000215637192014e-08 1.096319779753684998e-02
6.999999868639861234e-08 1.334562059491872787e-02
7.100000232185266213e-08 1.370205078274011612e-02
7.199999885187935433e-08 1.228378992527723312e-02
7.300000248733340413e-08 1.123383548110723495e-02
7.399999901736009633e-08 1.131627801805734634e-02
7.500000265281414613e-08 1.269466895610094070e-02
7.599999918284083833e-08 1.468682475388050079e-02
7.700000281829488813e-08 1.683855243027210236e-02
7.799999934832158033e-08 1.837869174778461456e-02
7.900000298377563013e-08 1.847156696021556854e-02
7.999999951380232233e-08 1.746903173625469208e-02
8.100000314925637213e-08 1.540254056453704834e-02
8.199999967928306432e-08 1.266842521727085114e-02
8.300000331473711412e-08 9.608012624084949493e-03
8.399999984476380632e-08 6.671497132629156113e-03
8.500000348021785612e-08 3.775043878704309464e-03
8.600000001024454832e-08 1.360014663077890873e-03
8.699999654027124052e-08 -7.927003316581249237e-04
8.800000017572529032e-08 -2.374690724536776543e-03
8.899999670575198252e-08 -3.543880535289645195e-03
9.000000034120603232e-08 -4.213082138448953629e-03
9.099999687123272452e-08 -4.520139656960964203e-03
9.200000050668677432e-08 -4.533860832452774048e-03
9.299999703671346651e-08 -4.355791490525007248e-03
9.400000067216751631e-08 -4.171126522123813629e-03
9.499999720219420851e-08 -4.091603681445121765e-03
